0.0818409
0.477094
0.757615
0.337456
0.611151
0.480587
0.146036
0.136737
0.294932
0.108739
0.175592
0.41763
0.177643
0.392454
0.348809
0.154582
0.170963
0.107989
0.214589
0.117812
0.359225
0.161071
0.240196
0.323857
0.1269
0.0949206
0.225451
0.213087
0.236394
0.149662
0.0843776
0.245454
0.160949
0.155163
0.259414
0.149662
0.201886
0.130306
0.237986
0.466589
0.215192
0.193831
0.399239
0.13925
0.13925
0.262678
0.179088
0.317263
0.188057
0.243333
0.29822
0.419759
0.45233
0.307609
0.328422
0.329836
0.305709
0.388747
0.437767
0.314625
0.306987
0.325203
0.508303
0.224248
0.368367
0.352968
0.178841
0.152415
0.434783
0.141731
0.306987
0.196138
0.291271
0.253691
0.200237
0.463599
0.320053
0.559661
0.173038
0.718589
0.215389
0.274183
0.248992
0.214774
0.263552
0.434783
0.30143
0.107103
0.352111
0.285283
0.40395
0.298425
0.374043
0.386579
0.393207
0.466038
0.26178
0.23843
0.934825
0.270765
0.44467
0.269232
0.232091
0.645303
0.375407
0.237776
0.228528
0.22025
0.209509
0.959094
0.856671
0.398322
0.538812
1.10726
0.624928
1.73352
0.42844
0.413172
0.595645
0.7181
0.457717
0.247131
0.451996
0.178402
0.200535
0.241405
0.730599
1.13265
0.569339
0.331431
0.220543
0.290706
0.931318
0.645141
0.152193
0.263536
0.228276
0.284136
0.138314
0.181261
0.134705
0.294932
0.407246
0.354153
0.341592
0.385844
0.182357
0.236964
0.515367
0.155143
0.344298
0.221015
0.23212
0.124495
0.443498
0.624928
0.346541
0.663278
0.513331
0.560519
0.982733
0.91489
1.3943
0.876112
0.343079
0.516694
0.482331
0.383494
0.213513
0.252308
0.334603
0.567357
0.211909
0.153627
0.334603
0.376457
0.982733
0.865393
0.72846
0.24333
0.373833
0.283687
0.190203
0.376512
0.116091
0.429774
0.185705
0.461852
0.156567
0.154248
0.270526
0.218684
0.461852
0.528903
0.91751
1.01199
0.662768
0.335645
0.517228
0.0415571
0.426767
0.598588
0.631156
0.353802
0.137121
0.283519
0.418965
0.175457
0.1177
0.180239
0.467313
0.392536
0.199485
0.226147
0.0963482
0.121681
0.134092
0.146086
0.343071
0.203242
0.240788
0.172374
0.109238
0.218408
0.237884
0.330819
0.233178
0.147776
0.233178
0.212522
0.124611
0.118135
0.240558
0.271701
0.0856942
0.137769
0.0985033
0.108312
0.063506
0.222602
0.146913
0.445937
0.255693
0.215961
0.401136
0.193941
0.19054
0.19054
0.237631
0.357759
0.472125
0.328216
0.261722
0.315477
0.289859
0.258795
0.393486
0.388861
0.299288
0.423365
0.27591
0.450666
0.28308
0.584107
0.361611
0.349642
0.258349
0.195136
0.368849
0.192422
0.362584
0.448359
0.264344
0.509113
0.375777
0.463908
0.485666
0.153384
0.270667
0.216871
0.448359
0.28244
0.615489
0.232157
0.226376
0.268811
0.139464
0.172489
0.358203
0.41755
0.222959
0.182098
0.37628
0.285859
0.343652
0.334776
0.383614
0.21192
0.939163
0.413089
0.271166
0.278848
0.643487
0.333158
0.396147
0.220784
0.259117
0.207407
0.223882
0.401313
0.776954
0.967041
0.614193
0.267231
0.622247
1.10022
0.415212
0.43009
1.74663
0.288987
0.240508
0.278042
0.408747
0.784074
0.562561
0.484902
0.247148
0.287924
0.175643
0.123367
0.219447
0.124492
0.601539
0.105644
0.884874
1.08202
0.254219
0.278558
0.202446
0.19195
0.946885
0.343804
0.931318
0.19109
0.450031
0.0861311
0.121314
0.472125
0.226822
0.19109
0.181261
0.256327
0.273749
0.278796
0.31815
0.478889
0.354611
0.282555
0.127495
0.386375
0.253052
0.158244
0.171112
0.1481
0.222512
0.319168
0.226517
0.311506
0.234888
0.356419
0.261558
0.622247
0.587421
0.693507
0.765926
0.49828
0.564648
0.490319
0.383494
0.212696
0.886046
0.176313
1.33721
0.176313
0.426051
1.08953
1.08953
0.600176
0.529971
1.33721
0.38872
0.154004
0.72194
1.06976
1.00561
0.146886
0.377207
0.15756
0.154148
0.113399
0.525037
0.15962
0.194832
0.133002
0.464278
0.215743
0.144649
0.162824
1.85975
0.685086
0.925405
0.390951
0.396177
1.07921
0.466163
0.284943
0.492706
0.284943
0.630688
0.533065
0.164649
0.227222
0.468081
0.312092
0.213238
0.153031
0.177643
0.282784
0.201886
0.173917
0.137414
0.174336
0.466163
0.073803
0.0814345
0.0871896
0.151514
0.151787
0.148766
0.111596
0.173496
0.265977
0.157271
0.0697743
0.247282
0.235299
0.492706
0.236114
0.177437
0.202738
0.227296
0.170067
0.0949206
0.218684
0.236812
0.450473
0.270797
0.177437
0.194545
0.120632
0.221364
0.264591
0.294936
0.406824
0.345868
0.257395
0.734639
0.189887
0.310589
0.21564
0.187989
0.269669
0.321345
0.45233
0.312036
0.478668
0.308844
0.280746
0.374195
0.30247
0.22504
0.356938
0.352038
0.338132
0.38273
0.278712
0.54192
0.368367
0.204474
0.290439
0.322424
0.220073
0.778077
0.253691
0.281575
0.293237
0.276004
0.406956
0.573997
0.397173
0.778077
0.345496
0.3967
0.141954
0.204375
0.257543
0.4483
0.251924
0.26621
0.210119
0.208607
0.303173
0.386579
0.284492
0.260777
0.273748
0.374195
0.618036
0.503971
0.313503
0.290101
0.148722
0.139515
0.22025
0.393586
0.212386
0.323948
0.538812
0.349084
0.247131
0.220231
0.567797
0.436077
0.457717
0.244981
0.163892
0.158036
0.156766
0.267967
0.283206
0.739115
0.476307
0.538551
1.21801
0.528775
0.342258
0.336781
0.348933
0.288854
0.171286
0.19195
0.645141
0.197336
0.0770415
0.46276
0.419759
0.12993
0.681814
0.231795
0.115024
0.234551
0.231795
0.401139
0.354426
0.237986
0.245403
0.308941
0.429689
0.342637
0.262678
0.342637
0.1481
0.226399
0.090442
0.362703
0.333222
0.46276
0.460678
0.315217
0.757083
0.571286
0.551114
0.527455
0.658975
0.3561
0.371134
0.186703
0.346541
0.532841
0.455905
0.658975
0.865393
1.3943
0.518841
0.588286
0.760268
0.356085
0.846016
0.731585
0.388997
0.110979
0.173109
0.263991
0.208199
0.263991
0.23635
0.27834
0.113798
1.42589
0.2339
0.36182
0.467992
0.412223
1.0818
0.28913
0.666031
0.463908
0.228232
0.164572
0.213564
0.467347
0.310139
0.15827
0.180239
0.249899
0.134396
0.0916808
0.116357
0.148039
0.0963482
0.467992
0.10718
0.101284
0.201759
0.170092
0.277572
0.147289
0.390684
0.422521
0.100783
0.222602
0.320757
0.178691
0.134024
0.180622
0.168835
0.0787541
0.169315
0.153184
0.117192
0.458867
0.266216
0.141184
0.369031
0.275584
0.355649
0.226829
0.871825
0.191047
0.343662
0.215977
0.343662
0.215382
0.245365
0.378941
0.293159
0.352409
0.283401
0.375477
0.292061
0.285855
0.418279
0.192927
0.393486
0.416041
0.340643
0.394722
0.311314
0.487856
0.192422
0.19988
0.356681
0.298464
0.229236
0.440783
0.399056
0.351467
1.06976
0.229236
0.505851
0.569074
0.666031
0.481353
0.236433
0.434415
0.196986
0.139464
0.431222
0.11708
0.297983
0.261557
0.247638
0.118979
0.262687
0.329568
0.250251
0.383614
0.231164
0.388686
0.56334
0.337793
0.230152
0.409699
0.426655
0.502659
0.204821
0.139269
0.39011
0.212222
0.223882
0.173789
0.495853
0.303656
0.278042
0.614193
0.668398
0.0680763
0.25984
0.312033
0.175643
0.161161
0.931775
0.510821
1.08015
0.281427
0.255049
0.400461
0.163892
0.132134
0.181196
0.128361
0.159305
0.511186
0.226822
0.252341
0.319168
0.467313
0.455581
0.194193
0.217377
0.217377
0.238174
0.250852
0.255693
0.791099
0.478889
0.220867
0.290399
0.186438
0.157531
0.231164
0.0762138
0.167331
0.166848
0.444173
0.805024
0.627549
0.910428
0.223586
0.373208
0.680671
0.598532
0.695304
0.365049
0.638241
0.490319
0.361315
0.356419
0.212696
0.245303
0.353802
0.695304
0.587421
0.910428
0.539204
0.627549
0.793521
0.358822
0.195767
0.935726
0.355695
0.198148
0.130778
0.130778
0.202681
0.918505
0.310894
0.310894
0.0893284
1.84668
0.128645
0.396177
0.618036
0.368981
0.350211
0.323075
0.109477
0.116399
0.256385
0.162169
0.162521
0.142019
0.136137
0.209548
0.261712
0.131073
0.183731
0.110309
0.390951
0.131399
0.200571
0.209548
0.104478
0.236151
0.0643365
0.191005
0.193162
0.236394
0.213087
0.0888367
0.110932
0.180686
0.172742
0.130403
0.115561
0.103175
0.143985
0.142331
0.257395
0.457121
0.21564
0.231903
0.398322
0.24628
0.199768
0.218242
0.325625
0.317257
0.171827
0.218716
0.307268
0.495034
0.371503
0.342404
0.206477
0.278611
0.29605
0.24934
0.478668
0.281327
0.262828
0.435668
0.437866
0.24179
0.248224
0.356094
0.144295
0.203882
0.414966
0.144295
0.248305
0.248305
0.273731
0.318595
0.199363
0.54192
0.471933
0.290439
0.325641
0.187222
0.14177
0.375147
0.38273
0.263552
0.214774
0.299748
0.236379
0.0688335
0.196333
0.230556
0.352111
0.267927
0.279069
0.466736
0.327303
0.327303
0.313503
0.384034
1.07921
0.310124
0.499808
0.34321
0.362121
0.279069
0.303671
0.303671
0.290694
0.455221
0.220864
1.40758
0.393586
0.399239
0.435817
0.401083
0.3561
1.27928
0.272027
0.269855
0.527455
0.686688
0.435369
0.220231
0.414631
0.19334
0.161161
0.192186
0.56294
0.444887
0.209155
0.435166
0.118657
0.293744
0.792221
0.466589
0.185508
0.160515
0.437881
0.167103
0.287236
0.285814
0.107118
0.120366
0.479316
0.217885
0.329138
0.17424
0.224401
0.216808
0.317257
0.223783
0.196913
0.208032
0.171286
0.268377
0.437881
0.280784
0.232922
0.54999
0.318093
0.663278
0.497271
0.673894
1.23778
1.0536
0.66815
0.875894
0.368225
0.333222
0.336654
0.211909
0.152012
0.176535
0.252308
0.122212
0.355049
0.130285
1.05637
0.618776
0.639012
0.541672
0.574665
0.247798
0.298514
0.306049
0.15014
0.0982697
0.334042
0.2339
0.156332
0.174042
0.220558
0.270526
0.369772
1.42589
0.309721
0.91751
0.463355
0.409669
0.338574
0.216815
0.143904
0.932492
0.569074
0.241432
0.33863
0.228232
0.250852
0.147049
0.343071
0.116447
0.373595
0.151858
0.136542
0.320125
0.191424
0.225935
0.146913
0.227925
0.266216
0.392536
0.240558
0.169315
0.167445
0.0891947
0.159509
0.410186
0.303089
0.134075
0.144433
0.245036
0.0779599
0.080174
0.240788
0.146934
0.204148
0.108312
0.079418
0.137769
0.121681
0.147111
0.244792
0.267955
0.338639
0.100663
0.133938
0.191047
0.163354
0.333711
0.293159
0.294523
0.225639
0.245392
0.372338
0.271805
0.379596
0.341854
0.362071
0.349933
0.315477
0.344629
0.381098
0.514775
0.257281
0.481353
0.371659
0.615489
0.179107
0.177883
0.208993
0.18593
0.195938
0.111369
0.440783
0.323878
0.370795
0.515949
0.340643
0.399056
0.135047
0.198565
0.427863
0.184657
0.342664
0.456044
0.373595
0.342664
0.174734
0.246951
0.297983
0.209555
0.259841
0.299288
0.643487
0.248321
0.375477
0.261722
0.138124
0.388875
0.388686
0.333179
0.388713
0.323939
0.275601
0.230739
0.21192
0.262534
0.305872
0.150821
0.444173
0.159346
0.866716
0.523345
0.33956
0.224363
0.338086
0.495853
0.244153
0.601106
1.56913
0.355433
0.267231
0.260722
0.472677
0.478194
0.597552
0.219843
0.195998
0.212522
0.199453
0.142062
0.158663
0.106295
0.557658
0.241405
0.510821
1.52843
0.330819
0.469486
0.181196
0.222861
0.246307
0.149421
0.128312
0.0446314
0.203103
0.145207
0.220394
0.252341
0.179846
0.173923
0.103254
0.13736
0.278796
0.273749
0.238174
0.514418
0.285613
0.378648
0.791099
0.249692
0.277795
0.237631
0.156301
0.134918
0.279004
0.3136
0.319419
0.219935
0.358439
0.0583114
0.287439
0.185259
0.681093
0.223586
0.691161
0.805024
0.30182
0.39587
0.323773
0.167855
1.35506
0.178776
1.07096
0.328591
0.511186
1.10531
0.566751
0.435045
1.35506
0.526503
0.426767
0.18992
0.259866
1.198
0.199898
0.182137
0.202681
0.201287
0.137658
0.194004
0.128544
0.126293
0.137445
0.2762
0.131417
0.219447
0.170502
0.243079
1.84668
0.635823
1.17899
0.368981
0.477094
0.934825
0.327604
0.323857
0.492419
0.238609
0.398881
0.574665
0.338548
0.167968
0.376791
0.258711
0.175592
0.178606
0.299748
0.348809
0.222129
0.259414
0.147566
0.20801
0.271815
0.122062
0.0871896
0.125038
0.159672
0.211986
0.180411
0.0315248
0.18024
0.154248
0.0853558
0.109673
0.100617
0.1269
0.448134
0.191005
0.172855
0.276993
0.23635
0.276993
0.0707709
0.200905
0.175581
0.491382
0.200571
0.193241
0.143985
0.20626
0.162362
0.491382
0.282566
0.734639
0.20777
0.160762
0.406824
0.231903
0.201652
0.215192
0.188057
0.187375
0.29692
0.316543
0.220864
0.430459
0.207947
0.330963
0.206477
0.298141
0.29131
0.330963
0.338132
0.352038
0.325203
0.281971
0.463599
0.374874
0.211844
0.559661
0.258955
0.316865
0.350335
0.731585
0.352157
0.22431
0.178734
0.211238
0.320053
0.211238
0.344749
0.274183
0.336259
0.120936
0.153899
0.224501
0.170963
0.163601
0.0799967
0.284492
0.0722384
0.257763
0.195758
0.210119
0.393207
0.205395
0.336528
0.757615
0.232091
0.242207
0.384034
0.0459349
0.0692207
0.225856
0.469289
0.176358
0.970213
0.427686
0.255584
0.321635
0.272027
0.551114
0.686688
0.366689
0.195998
0.279414
0.280901
0.293744
0.27834
0.280901
0.22746
0.416164
0.154032
1.02283
0.416296
0.569339
0.316442
0.257929
0.340694
0.23212
0.162734
0.412377
0.159977
0.0876449
0.180133
0.30561
0.0784938
0.655265
0.169989
0.187715
0.149526
0.297071
0.474327
0.573295
0.312789
0.354153
0.303374
0.573295
0.326956
0.275112
0.297982
0.152521
0.221015
0.333739
0.198013
0.21253
0.578171
0.455221
0.284136
0.875894
0.628296
0.567797
0.595645
0.594308
0.255603
0.498347
0.213513
0.255603
1.33389
0.128282
0.0770848
0.857682
0.274118
0.760268
0.269992
0.415929
0.673894
0.429774
0.640688
0.268741
0.109837
0.1741
0.247798
0.373833
0.248894
0.227296
0.267967
0.143112
0.189681
0.597668
0.335645
0.467796
0.417072
0.381838
0.390684
0.769782
0.369711
0.0981627
0.213564
0.209679
0.37628
0.165167
0.0789191
0.17449
0.241951
0.0441789
0.149813
0.199485
0.126854
0.114567
0.327398
0.0940767
0.150647
0.150289
0.169458
0.169458
0.201759
0.164822
0.198029
0.0577678
0.271701
0.312033
0.168835
0.143295
0.151676
0.144433
0.10718
0.176792
0.138924
0.118564
0.119833
0.237436
0.12013
0.458867
0.389487
0.327541
0.0850658
0.105735
0.126262
0.191503
0.271716
0.222329
0.245392
0.294523
0.266246
0.302492
0.344691
0.221622
0.343652
0.289859
0.315181
0.388941
0.282189
0.30915
0.335794
0.36476
0.370795
0.376911
0.494161
0.153929
0.196209
0.13354
0.407187
0.198054
0.264344
0.278803
0.332189
0.449874
0.24648
0.450666
0.631156
0.429552
0.584107
0.407187
0.223003
0.329367
0.246951
0.261034
0.111496
0.358203
0.41755
0.193748
0.201781
0.230739
0.231164
0.431222
0.409103
0.1474
0.354996
0.333179
0.271166
0.215619
0.237593
0.471055
0.601539
0.426655
0.100557
0.0879922
0.159346
0.267435
0.521699
1.10022
0.157544
0.112334
0.710645
0.413864
0.219843
0.3218
0.320757
0.165696
0.162824
0.992458
0.884874
0.634522
0.298464
0.380938
0.946885
0.278558
0.171266
0.261558
0.0513646
0.0594398
0.426051
0.290765
0.176969
0.299095
0.658896
0.324265
0.13695
0.171252
0.164445
0.260562
0.418965
0.386375
0.584085
0.506921
0.290399
0.333711
0.171112
0.182357
0.155647
0.138573
0.166848
0.287439
0.450031
0.245084
0.581515
0.73978
0.144625
0.414641
0.835387
0.185455
0.49828
0.398331
0.185455
0.447714
0.338086
0.281627
0.387688
0.886046
0.387688
0.657843
0.728165
0.717097
0.526169
0.578203
0.680671
0.693507
0.932492
0.931775
0.438127
0.24213
0.205574
0.24213
0.15756
0.672029
0.137445
0.349941
0.103254
1.85975
0.224203
0.388997
0.461328
0.409631
0.573997
0.449487
0.209221
0.338548
0.227222
0.359225
0.142019
0.245403
0.122826
0.151873
0.386035
0.163983
0.121193
0.154582
0.320892
0.10903
0.270797
0.392454
0.245454
0.373264
0.228041
0.236114
0.244981
0.241187
0.158036
0.131399
0.0777115
0.240196
0.130403
0.151466
0.265894
0.0888367
0.222129
0.0585339
0.312789
0.430736
0.100612
0.189887
0.122015
0.180607
0.201652
0.255887
0.218716
0.515367
0.137945
0.28847
0.261851
0.30561
0.312036
0.329836
0.384289
0.307609
0.30247
0.328422
0.394748
0.300539
0.250804
0.375147
0.397173
0.317175
0.374874
0.504179
0.1235
0.243102
0.152498
0.203882
0.262828
0.283902
0.281575
0.39791
0.320085
0.31858
0.259692
0.492419
0.367393
0.630688
0.208802
0.435668
0.436637
0.407046
0.215389
0.414966
0.391188
0.120936
0.249321
0.236379
0.209726
0.26621
0.645303
0.144963
0.466038
0.329464
0.437767
0.357154
0.107984
0.388747
0.101784
0.280125
0.349227
0.274287
0.312404
0.375407
0.195128
0.460678
0.12922
0.514786
0.835346
0.15927
0.368225
0.430818
0.330168
1.53224
0.470336
0.234008
0.429755
0.407152
0.677455
0.317889
0.606652
0.21859
0.203146
0.269027
0.503971
1.21801
0.742035
0.416296
0.200908
0.220543
0.504689
0.412377
0.176589
0.362703
0.443498
0.260182
0.176954
0.15335
0.163987
0.256385
0.507394
0.336421
0.354426
0.243952
0.172529
0.220867
0.219712
0.143565
0.321345
0.231663
0.311506
0.341908
0.198013
0.185986
0.0820128
0.571286
0.456346
0.588286
1.05637
0.532503
0.110573
0.66815
1.0536
0.757083
0.393199
0.306165
0.362079
0.254469
0.355049
0.455905
0.237714
0.178776
0.128282
0.238459
0.639012
0.486392
0.544837
0.510334
0.533065
0.238609
0.182137
0.185705
0.165073
0.542683
0.268741
0.369772
0.220558
0.151826
0.209734
0.209734
0.169669
1.51911
1.49178
1.49178
0.56334
0.36628
0.412223
0.130203
0.565703
0.547728
0.557861
0.544342
0.139586
0.256327
0.147049
0.161181
0.161265
0.134665
0.290774
0.209675
0.177549
0.36182
0.126496
0.0631217
0.16666
0.244792
0.215095
0.209675
0.132619
0.100783
0.218408
0.093417
0.157452
0.198906
0.178691
0.111614
0.258214
0.212746
0.086696
0.138027
0.159157
0.179351
0.237436
0.138027
0.134659
0.177641
0.166002
0.12013
0.227925
0.871825
0.226829
0.215977
0.401313
0.235327
0.222329
0.283292
0.233777
0.259259
0.45709
0.245365
0.341854
0.315181
0.349933
0.372338
0.278848
0.409699
0.293865
0.418279
0.335794
0.435195
0.27299
0.50002
0.332189
0.609473
0.433063
0.258349
0.194295
0.153929
0.356681
0.427863
0.373595
0.487856
0.323029
0.205461
0.395374
0.380909
0.302302
0.300955
0.2742
0.232157
0.609473
0.28244
0.219801
0.446014
0.152447
0.239686
0.261034
0.182855
0.263817
0.293865
0.278077
0.262687
0.329568
0.285859
0.409103
0.303036
1.0818
0.467796
0.323939
0.388713
0.278077
0.48344
0.362737
0.268791
0.388585
0.215382
0.286613
0.401136
0.39011
1.3889
0.69901
0.306042
0.361315
0.373893
0.271588
0.380873
1.30104
0.380873
0.3476
0.298756
0.438255
0.847243
0.877064
0.207438
0.111223
0.254219
0.166378
0.151676
0.201865
0.114889
0.586334
0.269027
0.13695
0.478129
0.287924
0.216718
0.20655
0.201017
0.915427
0.190179
0.792221
0.173923
0.229357
0.205187
0.128361
0.225639
0.0784938
0.0836068
0.0908542
0.283519
0.158127
0.297071
0.407029
0.286516
0.282034
0.377796
0.362533
0.277795
0.146717
0.217404
0.172302
0.155143
0.143412
0.299095
0.231164
0.241621
0.219935
0.281627
0.337241
0.281275
0.728165
0.986554
0.373208
0.926911
0.668398
0.33956
0.358439
0.300301
0.22917
0.328591
0.22917
0.24991
0.106528
0.691161
1.10531
0.5766
0.516295
1.07096
0.565703
0.1935
0.571266
0.527399
0.342258
0.316265
0.312937
0.245096
0.103837
0.133952
0.2762
0.122668
0.132397
0.15307
0.415815
0.201865
0.147037
0.172057
0.189681
0.845251
1.3443
0.337456
0.400829
0.357873
0.499808
0.373264
0.448134
0.342151
0.718589
0.480587
0.213238
0.0975875
0.374043
0.155638
0.209915
0.0340993
0.174963
0.386035
0.157699
0.265894
0.0691966
0.122062
0.327604
0.20801
0.0711283
0.179228
0.18024
0.180411
0.211986
0.08957
0.159672
0.236812
0.173496
0.104478
0.221364
0.228041
0.233757
0.183847
0.142331
0.170067
0.227536
0.121419
0.098201
0.166085
0.265977
0.142392
0.194545
0.149197
0.18612
0.151466
0.247282
0.450473
0.274083
0.392918
0.379074
0.0859841
0.200714
0.118465
0.199768
0.271209
0.246198
0.174645
0.344298
0.371503
0.290937
0.353028
0.272183
0.198029
0.259323
0.305709
0.243949
0.280746
0.336259
0.271914
0.436637
0.416359
0.469436
0.424051
0.349746
0.27316
0.297744
0.196138
0.344749
0.758841
0.291271
0.367393
0.168199
0.352968
0.611151
0.508303
0.259452
0.230939
0.22637
0.0881569
0.254658
0.40395
0.303173
0.204375
0.259349
0.189499
0.289038
0.4483
0.466736
0.173139
0.308844
0.156164
0.270765
0.269232
0.730599
0.331209
0.23843
0.203858
0.102017
0.260944
0.0858313
0.15927
1.10726
0.79323
0.430818
0.0703092
0.337275
0.720819
0.7181
0.435369
0.247148
0.228454
0.283206
0.290706
0.242877
0.256792
0.476307
0.739115
0.292833
1.13265
0.425151
0.222369
0.466866
0.345868
0.453209
0.160515
0.206587
0.137849
0.228276
0.106884
0.578171
0.180133
0.172487
0.238511
0.165297
0.192186
0.137343
0.169989
0.385043
0.429689
0.385844
0.41763
0.288146
0.127495
0.180687
0.244058
0.326956
0.120543
0.215828
0.109265
0.263536
0.124495
0.250362
0.417982
0.376457
0.225856
0.565633
0.337557
0.337557
0.516694
0.330168
0.393199
0.402165
0.232922
0.34249
0.567357
0.594308
0.618776
1.23778
1.33389
0.560519
0.668149
0.91489
0.542683
0.758841
0.394952
0.158764
0.137658
0.248894
0.318654
0.194004
0.171827
0.238637
0.280716
0.645479
0.131195
0.36628
0.327398
0.517228
0.939163
0.411644
0.72194
0.515949
0.167804
0.33863
0.175457
0.409189
0.258965
0.172846
0.2742
0.0832083
0.0989297
0.146086
0.0919934
0.191424
0.113564
0.274161
0.122004
0.150289
0.203242
0.277572
0.122895
0.175951
0.411644
0.369711
0.0656279
0.179351
0.29251
0.23805
0.124492
0.174911
0.23805
0.122004
0.137513
0.185171
0.138924
0.477591
0.215095
0.153179
0.477591
0.267955
0.256644
0.168411
0.445937
0.235327
0.21462
0.215961
0.191503
0.207407
0.328216
0.352409
0.308593
0.378941
0.245568
0.267452
0.258795
0.3109
0.423365
0.297063
0.362071
0.381098
0.429117
0.375777
0.328614
0.509113
0.170092
0.368849
0.362584
0.334321
0.388608
0.22704
0.380909
0.269682
0.429552
0.198054
0.21196
0.485666
0.769782
0.21196
0.192103
0.416041
0.268811
0.174734
0.185534
0.194301
0.111496
0.201002
0.207549
0.0723548
0.329571
0.244904
0.175352
0.169922
0.247638
0.411372
0.662768
0.259841
0.226511
0.388861
0.167234
0.333158
0.167234
0.0692267
0.464724
0.176381
0.245084
0.565251
0.699843
0.195773
0.260722
0.605382
0.564648
0.0973155
0.275584
0.133202
0.141354
0.173916
1.06609
0.400793
0.318017
0.334321
0.333773
0.915427
0.183028
0.163571
0.337241
0.121314
0.176969
0.147069
0.179846
0.178075
0.088407
0.373595
0.658896
0.181936
0.164445
0.279513
0.156107
0.276564
0.338639
0.362533
0.514418
0.236964
0.31851
0.188006
0.172529
0.226517
0.146272
0.202446
0.143025
0.286613
0.926911
0.598698
0.717097
0.318912
0.835387
0.414641
0.434026
0.657843
0.464091
0.598532
0.784074
0.231813
0.318912
0.353802
0.254469
0.176893
0.121426
0.624245
0.322742
0.619524
0.233273
0.288286
0.986554
0.598588
0.373576
0.38872
0.180045
0.173109
0.198148
0.312937
0.415815
0.349941
0.20097
0.113656
1.17899
0.224203
0.176497
0.461328
0.409631
0.350211
0.323075
0.209221
0.039484
0.200117
0.162169
0.127986
0.169656
0.151166
0.168211
0.261712
0.0519154
0.137061
0.128137
0.214589
0.10903
0.13077
0.0499521
0.0702285
0.236151
0.0643365
0.141872
0.127704
0.241187
0.112974
0.0751051
0.110932
0.180686
0.172184
0.0952314
0.113031
0.103175
0.119186
0.127125
0.243201
0.457121
0.100612
0.193831
0.122015
0.218545
0.181084
0.22066
0.325625
0.317263
0.137945
0.28847
0.307268
0.495034
0.264345
0.169069
0.178105
0.278611
0.29605
0.207109
0.394748
0.281327
0.194695
0.284379
0.437866
0.317175
0.248224
0.356094
0.178841
0.159524
0.1562
0.112708
0.232583
0.174656
0.273731
0.318595
0.320085
0.31858
0.259692
0.185816
0.206703
0.136625
0.14177
0.304362
0.313717
0.407046
0.0593404
0.165371
0.30143
0.107103
0.249321
0.230556
0.156347
0.128529
0.115395
0.124613
0.214709
0.329464
0.293926
0.316927
0.193996
0.310124
0.101784
0.34321
0.349227
0.274287
0.312404
0.234313
0.28712
0.153901
0.209509
0.514786
0.835346
0.0505678
0.268014
0.31507
0.511696
1.73352
0.42844
0.413172
0.429755
0.374949
0.677455
0.317889
0.396141
0.19334
0.203146
0.133538
0.445825
0.450361
0.742035
0.331431
0.0914918
0.165224
0.504689
0.353733
0.133504
0.137128
0.151218
0.127219
0.127878
0.15335
0.111309
0.163855
0.507394
0.336421
0.341592
0.243952
0.224401
0.216808
0.284889
0.223783
0.196913
0.231663
0.148499
0.341908
0.0869627
0.280784
0.0820128
0.509508
0.456346
0.40488
0.497271
0.605328
0.21601
0.876112
0.32413
0.205659
0.151244
0.306165
0.0998308
0.149617
0.152012
0.178559
0.237714
0.106411
0.0978709
0.240594
0.65227
0.486392
0.389989
0.426974
0.303928
0.178938
0.163593
0.376512
0.15014
0.185799
0.160797
0.144302
0.156332
0.151826
0.196288
0.111162
0.169669
1.51911
0.300235
0.787903
0.463355
0.409669
0.178634
0.216815
0.143904
0.547728
0.557861
0.544342
0.0394779
0.194383
0.142108
0.127887
0.161265
0.148594
0.290774
0.168164
0.136542
0.226147
0.0645965
0.225935
0.134092
0.243131
0.115444
0.0499485
0.162274
0.0937876
0.166175
0.0891947
0.237884
0.410186
0.303089
0.111614
0.218546
0.212746
0.124611
0.080174
0.162954
0.248615
0.204148
0.0831494
0.134659
0.177641
0.166002
0.197632
0.21382
0.372683
0.222014
0.100663
0.103018
0.193941
0.163354
0.147204
0.211935
0.259259
0.45709
0.236795
0.204385
0.271805
0.232053
0.195072
0.271694
0.338458
0.252985
0.344629
0.24666
0.435195
0.270421
0.50002
0.371659
0.338024
0.211422
0.226401
0.208993
0.18593
0.140454
0.144911
0.149203
0.323878
0.323029
0.0906944
0.198472
0.143896
0.302302
0.272407
0.144465
0.0727249
0.472687
0.456044
0.219801
0.191012
0.152447
0.239686
0.128416
0.182855
0.263817
0.197807
0.115213
0.248321
0.184882
0.129328
0.112277
0.303036
0.178433
0.0553565
0.26615
0.235842
0.275601
0.207763
0.277455
0.220784
0.185855
0.161629
0.158726
0.0508348
0.866716
0.523345
0.346342
0.306042
0.510355
0.477075
0.415212
0.43009
1.74663
0.288987
0.241552
0.298756
0.438255
0.847243
0.877064
0.202143
0.111223
0.178833
0.166378
0.112693
0.158663
0.114889
0.586334
0.128474
0.135477
1.52843
0.153079
0.469486
0.20655
0.222861
0.391051
0.223718
0.111053
0.0403768
0.229357
0.205187
0.220394
0.0416059
0.0611462
0.0570886
0.0908542
0.165633
0.158127
0.0893111
0.407029
0.286516
0.285613
0.378648
0.291578
0.249692
0.146717
0.178433
0.172302
0.134918
0.212749
0.3136
0.319419
0.241621
0.095633
0.0583114
0.121308
0.281275
0.681093
0.400757
0.317514
0.243961
0.272521
0.152802
0.323773
0.167855
0.752768
0.163819
0.281249
0.24991
0.214873
0.315535
0.303862
0.401026
0.238301
0.379224
0.183267
0.1935
0.338264
1.198
0.199898
0.128124
0.377207
0.201287
0.152478
0.123266
0.128544
0.150882
0.0451428
0.181623
0.189199
0.215743
0.170502
0.0988155
0.14864
0.635823
0.600544
0.169402
0.38293
0.266599
0.246589
0.148145
0.229074
0.342151
0.398881
0.23726
0.186902
0.167968
0.273091
0.312092
0.209915
0.178606
0.172174
0.249829
0.179673
0.173917
0.147566
0.174336
0.271815
0.0714755
0.0613263
0.152645
0.151514
0.151787
0.148766
0.08957
0.118395
0.123905
0.131774
0.0634722
0.100617
0.235299
0.233757
0.183847
0.172855
0.116061
0.227536
0.122031
0.0707709
0.166085
0.175581
0.196378
0.126967
0.149197
0.113471
0.20626
0.162362
0.261295
0.282566
0.392918
0.20777
0.160762
0.179274
0.120245
0.310589
0.271209
0.246198
0.180921
0.265433
0.43213
0.290937
0.353028
0.207947
0.198029
0.259323
0.298141
0.2351
0.356938
0.309411
0.217292
0.252193
0.416359
0.469436
0.424051
0.242937
0.27316
0.258955
0.20659
0.350335
0.0336292
0.352157
0.293237
0.182675
0.153693
0.2871
0.0663538
0.286962
0.345496
0.3967
0.118514
0.118461
0.26468
0.216925
0.109542
0.132748
0.179021
0.143833
0.105486
0.195758
0.0627891
0.24227
0.227971
0.336528
0.322146
0.27881
0.331209
0.243771
0.203858
0.139515
0.260944
0.108184
0.0916574
0.970213
0.79323
0.255584
0.321635
0.337275
0.720819
0.351177
0.366689
0.193654
0.279414
0.19261
0.23452
0.242877
0.256792
0.108485
0.228935
0.538551
1.0428
0.528775
0.299668
0.466866
0.257929
0.340694
0.198881
0.206587
0.203109
0.129446
0.0876449
0.14476
0.155141
0.172487
0.681814
0.103491
0.187715
0.234551
0.183769
0.474327
0.349777
0.30285
0.265601
0.303374
0.153905
0.128024
0.275112
0.297982
0.152521
0.215828
0.17381
0.195788
0.132864
0.250362
0.417982
0.315217
0.227195
0.422804
0.339887
0.128477
0.396319
0.286673
0.294826
0.186703
0.08687
0.580357
0.115203
0.163784
0.857682
0.416815
0.518841
0.408601
0.415929
0.349131
0.846016
0.640688
0.178045
0.110979
0.151832
0.181077
0.208199
0.19111
0.171827
0.156747
0.280716
0.645479
0.131195
0.170856
0.246535
0.364533
0.258832
0.28913
0.188366
0.259174
0.167804
0.186928
0.209679
0.274328
0.310139
0.172846
0.173187
0.249899
0.134396
0.0754775
0.116357
0.148039
0.114567
0.274161
0.0940767
0.101284
0.133175
0.161693
0.122895
0.133387
0.137881
0.280716
0.0451837
0.123487
0.29251
0.108582
0.134024
0.180622
0.0835861
0.0787541
0.137513
0.185171
0.113635
0.124181
0.118436
0.141184
0.369031
0.248537
0.355649
0.168411
0.253288
0.117515
0.21462
0.271716
0.201837
0.23804
0.205687
0.266246
0.308593
0.344691
0.234049
0.267452
0.284855
0.3109
0.388941
0.297063
0.30915
0.313702
0.429117
0.290742
0.376911
0.494161
0.0956917
0.19988
0.135927
0.168273
0.388608
0.22704
0.278803
0.259156
0.281254
0.178867
0.153987
0.288459
0.322758
0.0663385
0.100764
0.434415
0.329367
0.0878286
0.220065
0.105447
0.157656
0.270412
0.179064
0.144004
0.256497
0.244904
0.250251
0.169922
0.0450012
0.411372
0.414077
0.198767
0.230152
0.237593
0.471055
0.276609
0.204821
0.139269
0.109414
0.0914814
0.267435
0.565251
0.699843
0.195773
0.205978
0.605382
0.413864
0.0973155
0.25984
0.107938
0.131416
0.140497
1.06609
0.294841
1.08015
0.283948
0.380938
0.400461
0.143057
0.163571
0.154143
0.0802015
0.0510642
0.157831
0.290765
0.127446
0.126265
0.320787
0.438859
0.194193
0.0917056
0.168948
0.226088
0.256137
0.311855
0.584085
0.506921
0.257491
0.31851
0.188006
0.157531
0.155647
0.141442
0.158346
0.121662
0.198587
0.243844
0.598698
0.73978
0.150193
0.312102
0.432817
0.434026
0.370388
0.464091
0.638241
0.302575
0.284477
0.0699289
0.149008
0.245303
0.158562
0.190985
0.298996
0.335814
0.332426
0.379382
0.445656
0.333169
0.227032
0.427516
0.0896739
0.180045
0.205574
0.163046
0.0902061
0.918505
0.14847
0.20097
0.0933346
0.123483
