0.0197621
0.176497
0.129798
0.132401
0.0451243
0.169499
0.074801
0.0307939
0.0237212
0.0589249
0.01142
0.0198374
0.116311
0.0125775
0.066816
0.0519154
0.137061
0.0124728
0.0275942
0.0321817
0.0264717
0.0233003
0.000913491
0.0620553
0.00463225
0.0102598
0.112048
0.00990505
0.112974
0.0751051
0.0226543
0.0295734
0.056726
0.0476401
0.0149267
0.00620522
0.0471014
0.0205256
0.12691
0.211342
0.0285811
0.0479656
0.022856
0.0525264
0.0428345
0.0198194
0.0560981
0.0148587
0.0834882
0.151776
0.0925465
0.0504143
0.0369215
0.110771
0.115827
0.142297
0.0502413
0.0691698
0.042069
0.083353
0.0896299
0.124973
0.209667
0.195385
0.0763085
0.0439054
0.019289
0.123461
0.0214181
0.112708
0.0471127
0.019289
0.0150222
0.0264695
0.139828
0.125863
0.124996
0.137503
0.124942
0.0930765
0.0203066
0.203554
0.103704
0.150694
0.0593404
0.115998
0.0991557
0.0655734
0.221142
0.0725392
0.0221891
0.0612173
0.0722384
0.0927894
0.0925839
0.110231
0.0985784
0.00925164
0.156164
0.10941
0.0453773
0.00165584
0.0593133
0.250265
0.0526046
0.0368131
0.129013
0.024551
0.0673858
0.0201741
0.403692
0.0505678
0.155738
0.31507
0.00421452
0.349084
0.201038
0.00304932
0.0272529
0.299548
0.183647
0.0435317
0.233659
0.0402111
0.0390069
0.0987394
0.179637
0.0903099
0.171786
0.255277
0.0277579
0.0524161
0.00959945
0.353733
0.0777852
0.103601
0.00676584
0.0342458
0.127878
0.0998487
0.053323
0.0791908
0.00788845
0.0996572
0.0138625
0.00284715
0.0680772
0.0388431
0.0956255
0.0556069
0.0956255
0.0252925
0.0697444
0.0315021
0.0456641
0.105044
0.00109183
0.210963
0.24854
0.300922
0.356815
0.321989
0.104926
0.321989
0.011188
0.148675
0.0548826
0.21253
0.0541486
0.089556
0.089556
0.0109402
0.0580346
0.106411
0.006157
0.0770848
0.0577441
0.0379282
0.0117645
0.0182211
0.0537562
0.178938
0.0824902
0.259257
0.0895933
0.0221676
0.0118704
0.0298862
0.00859017
0.0150539
0.00628159
0.102099
0.00523624
0.272505
0.0746126
0.528903
0.136949
0.132488
0.178634
0.0200853
0.0886571
0.0417447
0.00138107
0.182985
0.0309176
0.0242972
0.0579369
0.00690535
0.0747148
0.137381
0.0657487
0.0125869
0.109382
0.00609864
0.0441789
0.113564
0.0431299
0.0221676
0.0450807
0.0233284
0.122668
0.0634139
0.0350494
0.0754941
0.0982921
0.105104
0.0953467
0.0894753
0.00485834
0.0392279
0.00370258
0.0380271
0.00573601
0.177271
0.00952465
0.00914798
0.0437353
0.0409821
0.0276438
0.0605551
0.0636196
0.291127
0.108826
0.0029901
0.0277772
0.0474432
0.0376696
0.0602184
0.0354536
0.068587
0.0230844
0.189601
0.176026
0.0239363
0.143218
0.194174
0.010219
0.141691
0.0467583
0.0314812
0.24666
0.05784
0.172412
0.231299
0.081447
0.171621
0.205461
0.191466
0.0674531
0.0200109
0.00435365
0.0216148
0.149203
0.00427072
0.022843
0.0116781
0.110743
0.0907398
0.228911
0.0817585
0.101848
0.0727249
0.225311
0.141344
0.139262
0.0069312
0.0507244
0.012468
0.0601966
0.00964282
0.0107921
0.108295
0.0723548
0.0196107
0.128466
0.094308
0.0898541
0.0931015
0.0722326
0.0553565
0.0511191
0.215619
0.249304
0.0729026
0.11296
0.115575
0.129603
0.0349642
0.0232721
0.0508348
0.399159
0.0171458
0.0140292
0.110167
0.163865
0.477075
0.0390207
0.291334
0.303656
0.0826824
0.212153
0.0741835
0.0275314
0.118391
0.453254
0.0895946
0.0101076
0.0137068
0.0204325
0.0781876
0.0231025
0.0769415
0.130894
0.0696939
0.0696939
0.335308
0.0226333
0.0402659
0.0419569
0.0283213
0.0738256
0.020482
0.0584136
0.0403768
0.141017
0.0513739
0.0325922
0.0416059
0.0329505
0.0133052
0.00516749
0.0716663
0.0656407
0.0407458
0.0391595
0.0706773
0.146821
0.0802826
0.0141855
0.0319456
0.0046451
0.036365
0.0469073
0.0410011
0.110558
0.0434481
0.0935377
0.0650061
0.095633
0.022628
0.121308
0.103125
0.0470317
0.0502663
0.317514
0.0136327
0.0802692
0.055378
0.170217
0.125781
0.496505
0.0143982
0.0873831
0.0737771
0.121426
0.19314
0.302721
0.0202066
0.0824019
0.322742
0.0773313
0.0166125
0.18992
0.384453
0.0802447
0.0696468
0.269621
0.0210588
0.0562828
0.0887123
0.0336647
0.074284
0.000690534
0.0248695
0.0292205
0.0195773
0.0705396
0.081488
0.0685139
0.0706266
0.136697
0.0085065
0.0366329
0.122902
0.0450211
0.074801
0.0637516
0.0119505
0.0700976
0.23726
0.0819735
0.0251933
0.183381
0.138993
0.0930688
0.0282833
0.0136938
0.00300997
0.0200318
0.0152428
0.0102073
0.0171353
0.0106363
0.0691966
0.0239786
0.0111986
0.0140249
0.00571519
0.0151644
0.0333229
0.0649914
0.03401
0.0444319
0.0139011
0.00077204
0.0446274
0.00571519
0.0731942
0.0529695
0.0117797
0.00586955
0.00865928
0.00226407
0.0456145
0.0350221
0.0310292
0.0185067
0.00781252
0.0875339
0.0178242
0.00621482
0.221606
0.0782334
0.100609
0.0628888
0.0179574
0.00676584
0.00925164
0.0221002
0.00804556
0.0355728
0.180921
0.0738854
0.0342319
0.0123334
0.157784
0.113933
0.170908
0.126008
0.0632019
0.19053
0.0281206
0.152546
0.102145
0.133916
0.0375935
0.241917
0.0398253
0.162697
0.0473551
0.0897404
0.17214
0.166877
0.0320462
0.00545916
0.202811
0.0698153
0.153693
0.00322044
0.03367
0.282784
0.085605
0.0440207
0.0222882
0.010283
0.133107
0.120906
0.0187943
0.0567282
0.0163667
0.0710611
0.0623841
0.0359628
0.0504001
0.181665
0.107984
0.0398163
0.030369
0.0623516
0.100384
0.19053
0.0368131
0.0123382
0.142949
0.0692207
0.0786039
0.0783553
0.307416
0.0237538
0.0187149
0.109337
0.140744
0.233277
0.178834
0.0565418
0.022084
0.0602292
0.0162864
0.0322002
0.0299857
0.00620522
0.0321075
0.0377849
0.56294
0.00316443
0.00596024
0.101807
0.0869366
0.0690533
0.103601
0.0125822
0.0038602
0.129446
0.0446314
0.0843734
0.0764053
0.0256645
0.00300997
0.103491
0.03543
0.0919162
0.0932668
0.137818
0.183122
0.101129
0.0201208
0.0488879
0.0439366
0.0184551
0.0764569
0.0286769
0.0779721
0.130243
0.0215014
0.0418331
0.0124297
0.0294258
0.0497583
0.166604
0.0676544
0.32591
0.0842495
0.0763679
0.110809
0.113742
0.294826
0.0657061
0.08687
0.402165
0.006157
0.105155
0.322399
0.298447
0.227817
0.237457
0.148373
0.0639543
0.0700976
0.00660536
0.178045
0.073556
0.123599
0.0130291
0.0214042
0.0731526
0.0198944
0.00969214
0.00969214
0.0253608
0.053323
0.0029901
0.0449535
0.016017
0.11927
0.226287
0.0586591
0.0368374
0.0246068
0.0826939
0.0868439
0.18428
0.140712
0.0449668
0.0140546
0.00871417
0.0195255
0.0129649
0.0741514
0.036034
0.036077
0.00192237
0.0685174
0.0283276
0.0943732
0.0929173
0.0120992
0.0328781
0.08409
0.0929173
0.000845728
0.122536
0.0768592
0.0388676
0.0931637
0.0364682
0.0286893
0.0652926
0.0835618
0.0463574
0.0420237
0.0789191
0.00952465
0.00630054
0.122791
0.074864
0.00870733
0.0129832
0.0150658
0.0111453
0.0302234
0.00830081
0.0584707
0.0418801
0.0260907
0.0968722
0.0416703
0.0594629
0.0897597
0.0737091
0.172857
0.0974565
0.0505655
0.136754
0.00494348
0.160566
0.0299021
0.137237
0.0407414
0.0996614
0.0331112
0.137305
0.0317659
0.151775
0.0570698
0.018864
0.147558
0.143373
0.0548402
0.0107865
0.15225
0.00336525
0.236311
0.0335902
0.100764
0.0515512
0.137237
0.0407897
0.12767
0.0507244
0.0041288
0.0383254
0.0163704
0.0710553
0.172857
0.0723424
0.168208
0.0328763
0.0450012
0.0114304
0.0968401
0.198767
0.159346
0.052876
0.377958
0.0807103
0.088405
0.00794866
0.0692267
0.078879
0.152023
0.0576024
0.0862668
0.0776324
0.0251886
0.123285
0.113646
0.00146484
0.0254218
0.0263
0.131416
0.0508911
0.315767
0.139929
0.142989
0.193805
0.150633
0.207438
0.00234172
0.0738256
0.101268
0.00150498
0.0314054
0.0534447
0.0764436
0.0567922
0.0178342
0.0866651
0.217746
0.0522361
0.0893979
0.0585991
0.0750932
0.0356915
0.0873988
0.00788845
0.0502223
0.107059
0.155267
0.144697
0.064253
0.0628119
0.0577151
0.138632
0.0280909
0.106721
0.0911592
0.18125
0.167305
0.0408379
0.0215651
0.144625
0.0116576
0.0990533
0.0994077
0.278999
0.028735
0.110985
0.0699289
0.101145
0.101145
0.0848678
0.0731477
0.298996
0.165641
0.332426
0.135969
0.116127
0
0.122408
0.122123
0.0426895
0.0817869
0.0782647
0.0994503
0.0902061
0.525037
0.0200853
0.0195773
0.0112146
0.123483
0.0648591
0.0648591
0.108149
0.12609
0.190999
0.0451243
0.078283
0.0263996
0.0220867
0.0650657
0.0453786
0.00182698
0.0459674
0.153142
0.134705
0.012251
0.0668722
0.0761276
0.0171353
0.0351699
0.0650657
0.0499521
0.0579945
0.0499604
0.00759589
0.0146526
0.00654189
0.00754076
0.0588033
0.0321539
0.0236179
0.0716164
0.0456145
0.0537252
0.0283086
0.0205256
0.0769012
0.018345
0.0920622
0.158705
0.0121386
0.0730963
0.0338254
0.0347933
0.0498673
0.0747563
0.0221002
0.0198194
0.0934279
0.173393
0.0342319
0.00649617
0.0372094
0.169069
0.175692
0.0725392
0.22504
0.207109
0.0645327
0.13781
0.137863
0.158821
0.0733481
0.202763
0.179268
0.177327
0.0208283
0.0910851
0.00176052
0.0140249
0.00451496
0.0432762
0.0312207
0.0783728
0.152074
0.0304376
0.0261569
0.0140801
0.0753779
0.0117035
0.0219867
0.077766
0.212352
0.105188
0.0177672
0.158547
0.0574884
0.010283
0.0430053
0.000913491
0.0329324
0.0562987
0.00241687
0.0190745
0.214709
0.0440153
0.00444846
0.0351394
0.063459
0.24934
0.0177168
0.0498792
0.0365563
0.00741321
0.133662
0.0254124
0.00661438
0.0123382
0.0789727
0.282323
0.194452
0.0110863
0.198226
0.189225
0.0768507
0.101806
0.0323424
0.101806
0.196034
0.374949
0.0625703
0.0645992
0.190817
0.022084
0.0134876
0.0133052
0.154032
0.190203
0.00596024
0.281529
0.0729779
0.0690861
0.19052
0.326081
0.0344385
0.113258
0.0285184
0.074087
0.126245
0.119836
0.0343952
0.00169146
0.0391595
0.106986
0.171014
0.0252075
0.00436732
0.0188672
0.0250557
0.0591653
0.037398
0.0298722
0.0865079
0.0805304
0.0487425
0.174134
0.0124297
0.303358
0.13748
0.275102
0.0494988
0.0839025
0.0422077
0.504329
0.0820346
0.205659
0.151244
0.026386
0.0777722
0.0785645
0.0151329
0.0119305
0.00832232
0.0254921
0.0232157
0.0676544
0.320405
0.100048
0.142322
0.13294
0.283687
0.169306
0.0903099
0.136578
0.0578689
0.0214042
0.0997596
0.00253718
0.00253718
0.00687074
0.0130747
0.108326
0.00424271
0.411223
0.143112
0.0943143
0.148041
0.105837
0.0214792
0.0029901
0.0627986
0.111125
0.086271
0.153985
0.0113151
0.154689
0.0453207
0.0392006
0.0575164
0.0465884
0.00871417
0.0144065
0.0154564
0.180295
0.0174866
0.0276438
0.0402926
0.0910242
0.0154564
0.0244171
0.0710989
0.040003
0.036034
0.0325299
0.0318914
0.100825
0.0223763
0.0595
0.0116269
0.0292225
0.0385287
0.0385287
0.0780631
0.0856942
0.074864
0.0187626
0.0286893
0.00278363
0.0209311
0.0126766
0.00630054
0.239209
0.122313
0.0658022
0.103018
0.0523922
0.0029901
0.0220354
0.0584707
0.121368
0.0774015
0.236255
0.0344887
0.18582
0.0676385
0.093869
0.0473904
0.138282
0.0489939
0.0182145
0.202748
0.0332836
0.129386
0.181453
0.0553834
0.0814924
0.0331112
0.118911
0.0883733
0.0317659
0.00642235
0.019559
0.00787332
0.0187244
0.0522726
0.0301463
0.0880743
0.00557797
0.0685922
0.00226407
0.112483
0.0238665
0.068128
0.0515512
0.109158
0.0473262
0.0813157
0.0907234
0.128416
0.153971
0.0190777
0.157612
0.0984663
0.115388
0.0122898
0.126665
0.0101605
0.151
0.0546769
0.0398148
0.0582264
0.194895
0.101455
0.0275898
0.0328291
0.0682198
0.143218
0.0181522
0.0591391
0.00198341
0.373893
0.164653
0.0477401
0.011027
0.0835768
0.0312131
0.189578
0.0967785
0.0868817
0.113646
0.0970366
0.0302016
0.165027
0.0503634
0.09413
0.0254218
0.0188229
0.0388124
0.00348703
0.0611188
0.0508911
0.0883949
0.108277
0.0545579
0.00435365
0.208513
0.0729779
0.19052
0.0262342
0.0248862
0.0971933
0.0475047
0.0344385
0.00150498
0.0385751
0.0633932
0.0123816
0.028886
0.0186766
0.00994709
0.0219677
0.00874149
0.0684381
0.0585991
0.119378
0.224908
0.12123
0.185228
0.0158599
0.103655
0.0118654
0.0758544
0.110558
0.0665342
0.146821
0.0284326
0.00505083
0.0232029
0.0283255
0.0280909
0.0529538
0.0192735
0.435045
0.0010358
0.0111453
0.0336257
0.20499
0.0329016
0.0737771
0.0695131
0.0873831
0.002868
0.142119
0.134076
0.0164539
0.160491
0.151946
0.288286
0.238301
0.0272835
0.104948
0.135689
0.0166125
0.191015
0.0971055
0.000488281
0.0334925
0.0485439
0.0471848
0.0381961
0.000690534
0.0150262
0.0307842
0.0832083
0.0300195
0.018526
0.105188
0.0497835
0.0157505
0.294425
0.3355
0.127942
0.0360588
0.132957
0.132401
0.0601073
0.102842
0.00508611
0.272753
0.0341848
0.0340082
0.122861
0.109477
0.189499
0.0904625
0.00182698
0.122826
0.15605
0.0200585
0.00455439
0.00455439
0.0275942
0.0652862
0.011097
0.00702516
0.0318296
0.00119604
0.0848488
0.0190151
0.00878231
0.0105462
0.0418872
0.0434234
0.0348789
0.0536863
0.0474117
0.085873
0.0768686
0.0583656
0.0993133
0.0354401
0.0940278
0.0226543
0.0387585
0.0398642
0.0549532
0.0362139
0.0491421
0.00781252
0.0551028
0.00411433
0.0782334
0.172538
0.259695
0.158705
0.0599414
0.0310983
0.0517705
0.0560981
0.0378275
0.0031074
0.0805549
0.202455
0.106419
0.0542872
0.120509
0.133107
0.0749667
0.165394
0.136343
0.126558
0.150356
0.0659154
0.182567
0.0698153
0.0180171
0.0867807
0.0578524
0.152027
0.0951718
0.00451496
0.0679412
0.0254312
0.0336292
0.123497
0.173038
0.144541
0.0751511
0.0323185
0.0663538
0.0450661
0.083676
0.143898
0.0652862
0.0427258
0.190302
0.0827509
0.0211464
0.0573232
0.00532653
0.009405
0.0129786
0.0263996
0.0133811
0.0951863
0.177199
0.14055
0.0737771
0.0216258
0.167215
0.130184
0.00661438
0.024551
0.135697
0.0525491
0.0454508
0.0768507
0.142668
0.0703092
0.000690534
0.158915
0.0488672
0.351177
0.0631132
0.0617769
0.0165802
0.028604
0.078315
0.00772042
0.0091088
0.0138582
0.188896
0.00554582
0.290694
0.03626
0.03626
0.0243536
0.0407472
0.195965
0.0136894
0.0597041
0.0493057
0.0178909
0.0342458
0.00856237
0.0179408
0.0265639
0.00830798
0.096118
0.0591975
0.01142
0.00490717
0.134895
0.134895
0.171014
0.0799952
0.0556048
0.00509781
0.0154062
0.069711
0.0404152
0.0761676
0.0950011
0.0967791
0.0913417
0.132864
0.0543969
0.0343032
0.0532793
0.165911
0.40253
0.0116115
0.00258374
0.229079
0.0548826
0.0270641
0.026386
0.0216754
0.122212
0.0440857
0.0127936
0.152088
0.0892034
0.123267
0.240039
0.245613
0.24333
0.109378
0.209155
0.0072094
0.0427509
0.0840872
0.0552033
0.0469479
0.0656643
0.0388262
0.000345267
0.0273773
0.0104611
0.0409428
0.0700014
0.0896473
0.136949
0.258832
0.00869363
0.0129924
0.182985
0.0338202
0.126579
0.0826939
0.117588
0.0242972
0.0579369
0.0270311
0.0531942
0.0129649
0.0707153
0.0376965
0.0350494
0.0278201
0.0830647
0.0431299
0.0761731
0.109061
0.0589259
0.0385349
0.132619
0.0408057
0.0660221
0.0408743
0.123487
0.0348566
0.0273359
0.0979264
0.0660709
0.0538958
0.0321372
0.0522041
0.0186575
0.0486102
0.0471583
0.033496
0.0636196
0.0553166
0.0988663
0.178106
0.0129096
0.0500201
0.0263815
0.0362369
0.0244829
0.0354536
0.0302234
0.0771606
0.213834
0.0161725
0.0846706
0.18582
0.12725
0.0509227
0.0551211
0.0395835
0.114318
0.114174
0.0945305
0.0728298
0.0360208
0.0237639
0.0222695
0.0956917
0.0971559
0.0200109
0.129147
0.00138107
0.0621734
0.0277428
0.0792458
0.0938219
0.0536452
0.0366882
0.0767381
0.00557797
0.0117645
0.00800098
0.192103
0.0204412
0.00192237
0.168208
0
0.015541
0.270412
0.0207308
0.0536396
0.0590947
0.0959944
0.093525
0.0590886
0.0183579
0.0459609
0.00314553
0.136465
0.153935
0.134594
0.214232
0.121341
0.0347041
0.0349642
0.00497952
0.0523444
0.0171458
0.35999
0.163865
0.00158221
0.0390207
0.207436
0.0847108
0.0410563
0.243765
0.00788089
0.0823599
0.0231025
0.396147
0.168674
0.224411
0.0866651
0.193805
0.0848945
0.021022
0.0504226
0.104227
0.016043
0.0195712
0.0762842
0.0577151
0.0154872
0.016555
0.197586
0.00604958
0.0266423
0.00477169
0.00888353
0.0431258
0.00620522
0.0802826
0.100017
0.166453
0.0118654
0.0758544
0.00918699
0.0492246
0.0665342
0.0967482
0.0232029
0.0149107
0.0230844
0.088016
0.487538
0.262161
0.0502663
0.0778166
0.432817
0.0145096
0.0281672
0.00589993
0.0111453
0.100519
0.117649
0.0250009
0.100084
0.143568
0.021807
0.0405919
0.196098
0.335814
0.19494
0.190281
0.0613147
0.122517
0.141099
0.105644
0.0896739
0.0329433
0.0716222
0.00425674
0.0509473
0.294425
0.0181588
0.0115239
0.0737472
0.0752289
0.0085065
0.0197621
0.148165
0.108149
0.0109293
0.07312
0.042079
0.0113939
0.155645
0.0459375
0.0392462
0.0364191
0.0402674
0.0143775
0.125287
0.011257
0.00883644
0.0688335
0.180709
0.0111986
0.00883644
0.024378
0.0348789
0.0148104
0.00516749
0.0117797
0.0781365
0.00586955
0.00754076
0.00996505
0.0619707
0.0416875
0.0670949
0.00865928
0.00620522
0.00142357
0.0149267
0.0390696
0.172538
0.259695
0.0599414
0.0524434
0.0310983
0.00628159
0.0285811
0.0287847
0.102519
0.0428818
0.133541
0.143202
0.0277729
0.0372094
0.119753
0.151892
0.142137
0.120992
0.0420322
0.192419
0.0281206
0.204195
0.182121
0.115785
0.168344
0.0733481
0.00680974
0.0235598
0.0432762
0.00176052
0.019363
0.0628432
0.0897404
0.14557
0.0148867
0.154743
0.125863
0.135625
0.0732211
0.0261569
0.118503
0.0380397
0.0584442
0.132543
0.085605
0.0440207
0.0200199
0.141949
0.000845728
0.0761276
0.000913491
0.0430053
0.156347
0.128529
0.0981858
0.0235876
0.136832
0.00444846
0.0440153
0.129994
0.019292
0.0665028
0.0498792
0.048905
0.00741321
0.0365563
0.13781
0.0831932
0.0437162
0.0317922
0.0143651
0.161157
0.401083
0.00179406
0.0454613
0.0248766
0.0868769
0.0848389
0.236598
0.119234
0.151983
0.310438
0.140744
0.0631132
0.178834
0.0565418
0.0322002
0.0763514
0.0314756
0.0846861
0.101807
0.166561
0.0226333
0.0560502
0.0402659
0.292374
0.0584136
0.0709485
0.0275423
0.0734448
0.085042
0.0621504
0.0895953
0.0740475
0.160076
0.137343
0.136637
0.0525264
0.0188672
0.00436732
0.0929944
0.0848263
0.0298722
0.037398
0.0805304
0.0865079
0.0869627
0.0197621
0.017784
0.403407
0.237457
0.403407
0.240839
0.336654
0.0151329
0.0494988
0.140589
0.0809443
0.0348891
0.0657061
0.0839025
0.0982915
0.0422077
0.00832232
0.0119305
0.0998415
0.0978709
0.0427369
0.0251056
0.0892034
0.294663
0.29055
0.0341307
0.00827203
0.0188956
0.0188956
0.0552033
0.0104782
0.072316
0.0101664
0.0623277
0.0566787
0.00687074
0.111162
0.0388262
0.0860701
0.300235
0.787903
0.105837
0.126162
0.0772256
0.0772256
0.0200853
0.147429
0.0417447
0.086271
0.0218316
0.0323056
0.0139994
0.0456119
0.0916658
0.0781617
0.019289
0.15962
0.0618965
0.0849022
0.000913491
0.0102015
0.0350868
0.109213
0.070706
0.0499485
0.0395262
0.0116423
0.0408057
0.0228143
0.0973572
0.0135845
0.0416818
0.0931637
0.0292225
0.0116269
0.0394915
0.023331
0.0463574
0.0347281
0.08042
0.079418
0.0249842
0.0329632
0.0121336
0.00370258
0.0751464
0.372683
0.189909
0.0129096
0.028987
0.0729207
0.0904625
0.00555655
0.211935
0.0774015
0.0397533
0.0618724
0.204385
0.0360687
0.212433
0.140945
0.192927
0.0426364
0.0182145
0.0489939
0.211644
0.0950375
0.100767
0.0553834
0.181453
0.051281
0.0153053
0.129386
0.183063
0.0176291
0.0219758
0.00642235
0.0509356
0.0522726
0.0187244
0.0880743
0.0427843
0.0147782
0.0613837
0.0785447
0.116041
0.00150498
0.161975
0.068128
0.123638
0.191012
0
0.0107921
0.0551374
0.108295
0.012468
0.0636683
0.00251358
0.114547
0.100689
0.0702107
0.0204383
0.0546769
0.178433
0.0283044
0.104601
0.0604013
0.0275898
0.0698333
0.0219867
0.0371372
0.0442113
0.0161652
0.00794866
0.0103523
0.191344
0.273323
0.0875673
0.19496
0.11349
0.107604
0.0967785
0.151905
0.111852
0.0741835
0.192471
0.0826824
0.184343
0.09413
0.0503634
0.0680763
0.0263
0.0224003
0.0388124
0.081018
0.0263747
0.0781876
0.253462
0.0942776
0.0545579
0.0874923
0.046405
0.0197229
0.0248862
0.0262342
0.020289
0.0797703
0.0667392
0.0286248
0.145207
0.0534447
0.0695131
0.00395176
0.00994709
0.00807514
0.0531942
0.0843571
0.11039
0.036442
0.160076
0.167043
0.00620522
0.217513
0.209931
0.00555655
0.0141855
0.144697
0.064253
0.0628119
0.098519
0.00505083
0.0284326
0.0697444
0.0324822
0.0264785
0.0203272
0.169954
0.376433
0.134076
0.075282
0.243961
0.259634
0.152802
0.0591562
0.0123816
0.0029901
0.0317753
0.002868
0.0010358
0.071346
0.176893
0.303862
0.217298
0.208937
0.224165
0.183267
0.0817869
0.316616
0.211966
0.0147742
0.128124
0.154355
0.0240902
0.073556
0.0716222
0.043832
0.0200853
0.0451428
0.0691569
0.057906
0.0279611
0.0679965
0.0988155
0.0592801
0.430719
0.598247
0.0710729
0.129798
0.266599
0.0897358
0.0152936
0.00508611
0.179334
0.0943036
0.127226
0.126239
0.0340082
0.114115
0.0237212
0.0819735
0.0198374
0.0277665
0.00830798
0.0214903
0.0981913
0.0152428
0.0474117
0.0821822
0.025639
0.00463225
0.0386307
0.0353694
0.0120795
0.0170621
0.066005
0.0576107
0.0499569
0.0418872
0.0424696
0.0350204
0.0499604
0.075051
0.11236
0.0768686
0.0390268
0.00990505
0.0378637
0.00432619
0.0398642
0.0387585
0.0362139
0.0549532
0.0583656
0.0185067
0.00411433
0.0247638
0.0804214
0.0920622
0.180593
0.108744
0.0121386
0.0119205
0.0391564
0.0148587
0.0031074
0.0378275
0.149587
0.143202
0.189437
0.0369215
0.159701
0.181665
0.136343
0.127241
0.0415428
0.130184
0.107581
0.207194
0.217292
0.0600865
0.0867807
0.0180171
0.197374
0.0679412
0.0208283
0.0166984
0.154311
0.0312207
0.0243511
0.0317753
0.11636
0.135625
0.0375316
0.0751511
0.0109184
0.103704
0.0219867
0.111131
0.0106363
0.0101194
0.26468
0.216925
0.065214
0.0913521
0.0208712
0.0539191
0.105486
0.0129786
0.0190745
0.0682504
0.0120251
0.0410664
0.0736371
0.0459349
0.0961479
0.0754475
0.0254124
0.0673858
0.0201741
0.00408526
0.0519499
0.00421452
0.250771
0.000690534
0.00304932
0.201038
0.183647
0.260775
0.0645992
0
0.0407472
0.0867325
0.0271279
0.0091088
0.00772042
0.0133052
0.00554582
0.188896
0.202941
0.0326123
0.02203
0.171786
0.0165802
0.190993
0.0597041
0.0136894
0.059494
0.0493057
0.00856237
0.0845804
0.0416603
0.0179408
0.00316443
0.00903653
0.0785174
0.0301839
0.0136414
0.183122
0.121946
0.0138625
0.0556048
0.0799952
0.00365396
0.0161172
0.0404152
0.069711
0.042367
0.0925465
0.0812004
0.0967791
0.017784
0.00649617
0.241946
0.116736
0.108898
0.291643
0.0820346
0.0842807
0.00258374
0.0986976
0.177276
0.15192
0.0824374
0.0989345
0.0283738
0.0495084
0.187749
0.182674
0.26981
0.266865
0.0115343
0.337579
0.210819
0.0220165
0.00109183
0.0117137
0.088144
0.0578689
0.0104782
0.0118704
0.00424271
0.00639444
0.0746126
0.0860701
0.030416
0.119454
0.132488
0.0547902
0.103107
0.0552022
0.111125
0.0857325
0.119186
0.0338202
0.0901968
0.10704
0.193748
0.0139994
0.116447
0.019289
0.0143027
0.0654441
0.0368924
0.00609864
0.0106922
0.0792578
0.00798607
0.00218366
0.0424949
0.0660221
0.00218366
0.00992909
0.105993
0.029436
0.0091675
0.0767824
0.120798
0.108582
0.0701214
0.0783218
0.0572566
0.0598338
0.101211
0.00573601
0.0643189
0.0529842
0.0471583
0.00432619
0.00870733
0.08042
0.122791
0.0658022
0.133938
0.0504155
0.0244829
0.0362369
0.0698461
0.134883
0.127131
0.193059
0.0846706
0.0161725
0.12725
0.0383254
0.134518
0.194174
0.109125
0.0395835
0.0467889
0.117807
0.0950375
0.0204412
0.0222695
0.0237639
0.0497463
0.11634
0.0126011
0.035623
0.12594
0.0366476
0.0792458
0.0277428
0.0536452
0.0259486
0.0767381
0.0321669
0.131346
0.0663385
0.0480315
0.254194
0.0793128
0.0792578
0.093238
0.015541
0.0435564
0.155352
0.00532653
0.00948074
0.0509227
0.126665
0.104579
0.0218316
0.0213177
0.0511191
0.10189
0.114174
0.125565
0.153935
0.121341
0.126694
0.0219867
0.0232721
0.0523444
0.0448672
0.175458
0.106526
0.173789
0.0868817
0.0789886
0.184343
0.1088
0.0499545
0.0318914
0.0101076
0.0880017
0.0773606
0.362737
0.067545
0.168674
0.0283234
0.0660348
0.335432
0.015235
0.0971933
0.154143
0.0333068
0.0335938
0.0794338
0.081135
0.016555
0.00787332
0.156995
0.0488464
0.0843571
0.0917056
0.0301463
0.00690535
0.12123
0.156094
0.166453
0.100017
0.053333
0.036365
0.104696
0.0541167
0.116793
0.104988
0.103084
0.121662
0.0397533
0.160242
0.262161
0.420544
0.150193
0.0252028
0.238331
0.137496
0.0708501
0.0802692
0.398331
0.169264
0.055378
0.0197953
0.149008
0.0157657
0.0405919
0.021807
0.0696751
0.0503504
0.128317
0.0337443
0.0853467
0.279279
0.135005
0.146886
0.0485439
0.0190745
0.0230663
0.1529
0.0441991
0.0142568
0.0291101
0.018526
0.0104953
0.0593585
0.0340503
0.0232183
0.165153
0.12609
0.0109293
0.07312
0.078283
0.0113939
0.0220867
0.0459375
0.0392462
0.0325647
0.0402674
0.0125775
0.125287
0.011257
0.111304
0.107989
0.0612806
0.0321817
0.0264717
0.0233003
0.000913491
0.0148104
0.00516749
0.0102598
0.00654189
0.00754076
0.00754076
0.00996505
0.0267941
0.0295734
0.056726
0.010254
0.0372062
0.00142357
0.0471014
0.018345
0.128252
0.211342
0.0366898
0.0730963
0.022856
0.00628159
0.0428345
0.0287847
0.102519
0.0837273
0.0834882
0.151776
0.0277729
0.09919
0.0724997
0.110771
0.115827
0.120992
0.0420322
0.0691698
0.042069
0.083353
0.0896299
0.115785
0.168344
0.195385
0.00680974
0.0235598
0.093254
0.0910851
0.019363
0.0628432
0.0471127
0.14557
0.0148867
0.0264695
0.173193
0.0304376
0.0397293
0.0140801
0.0753779
0.0117035
0.0203066
0.077766
0.220606
0.105188
0.0177672
0.141949
0.000845728
0.0679122
0.196333
0.0881555
0.0221891
0.0562987
0.00241687
0.0235876
0.0925839
0.110231
0.0985784
0.00925164
0.019292
0.0665028
0.0177168
0.00165584
0.0409763
0.0628973
0.0526046
0.0831932
0.0437162
0.0317922
0.0531964
0.282323
0.194452
0.00179406
0.0454613
0.0248766
0.0868769
1.27928
0.0323424
0.197584
0.0272529
0.310438
0.0625703
0.0435317
0.233659
0.0727093
0.0134876
0.0987394
0.0314756
0.141251
0.0708728
0.166561
0.0277579
0.0524161
0.00959945
0.321868
0.0777852
0.0709485
0.0275423
0.0734448
0.085042
0.0998487
0.0343952
0.00169146
0.286642
0.0996572
0.136637
0.00284715
0.0290814
0.0388431
0.0250557
0.0556069
0.150295
0.0252925
0.0933493
0.0315021
0.0456641
0.0197621
0.00109183
0.210963
0.13748
0.275102
0.356815
0.244437
0.0409559
0.261139
0.011188
0.0809443
0.0348891
0.0786715
0.0541486
0.0785645
0.0656943
0.0109402
0.0580346
0.0254921
0.0232157
0.0427369
0.0251056
0.0379282
0.0117645
0.0182211
0.0341307
0.00827203
0.0215844
0.0361249
0.0895933
0.0221676
0.072316
0.00961186
0.00859017
0.0150539
0.00628159
0.108326
0.00523624
0.35241
0.213119
0.224792
0.166781
0.126162
0.0214792
0.0415571
0.0886571
0.253226
0.00138107
0.153985
0.0113151
0.0323056
0.0386245
0.0392006
0.0575164
0.0465884
0.0657487
0.0125869
0.0687173
0.0853921
0.000913491
0.0102015
0.0350868
0.0221676
0.0450807
0.0233284
0.0395262
0.0116423
0.0999873
0.0228143
0.0973572
0.0135845
0.0416818
0.0595
0.00485834
0.0392279
0.0394915
0.023331
0.0780631
0.0347281
0.0727839
0.00914798
0.0378496
0.00278363
0.0209311
0.0126766
0.0751464
0.239209
0.108826
0.0366231
0.0277772
0.0729207
0.0376696
0.0220354
0.156816
0.068587
0.125087
0.0618724
0.0344887
0.0239363
0.0676385
0.093869
0.010219
0.0426364
0.0467583
0.0314812
0.202748
0.0332836
0.172412
0.193838
0.081447
0.0814924
0.0153053
0.177883
0.0674531
0.0176291
0.00435365
0.019559
0.00787332
0.00427072
0.022843
0.0116781
0.0533487
0.0147782
0.0685922
0.00226407
0.112483
0.00150498
0.225311
0.0944111
0.109158
0.0069312
0.0813157
0.0907234
0.0551374
0.00964282
0.0190777
0.0636683
0.00251358
0.0196107
0.0122898
0.0702107
0.0101605
0.0931015
0.0722326
0.0283044
0.0582264
0.0604013
0.0628793
0.0698333
0.0328291
0.0371372
0.0442113
0.0161652
0.0591391
0.00198341
0.191344
0.273323
0.0140292
0.011027
0.0835768
0.0312131
0.19985
0.151905
1.30104
0.149068
0.192471
0.0302016
0.0275314
0.118391
0.453254
0.0464102
0.0188229
0.0137068
0.00348703
0.0611188
0.0263747
0.0769415
0.108277
0.093284
0.00435365
0.0874923
0.046405
0.0197229
0.0419569
0.0283213
0.020289
0.0475047
0.0667392
0.0115961
0.0385751
0.0633932
0.0325922
0.00395176
0.0122753
0.00807514
0.00516749
0.00874149
0.0656407
0.036442
0.119378
0.0706773
0.146821
0.125919
0.0155831
0.0261409
0.0046451
0.158244
0.0469073
0.0410011
0.098519
0.0434481
0.0935377
0.0650061
0.0324822
0.022628
0.0529538
0.0192735
0.0470317
0.176465
0.075282
0.0136327
0.114506
0.0329016
0.0813773
0.125781
0.0029901
0.0143982
0.0655506
0.0988548
0.0164539
0.19314
0.151946
0.0202066
0.0824019
0.0272835
0.0773313
0.135689
0.259866
0.211966
0.134737
0.000488281
0.0606339
0.0210588
0.0471848
0.0381961
0.0336647
0.0150262
0.00398182
0.0248695
0.0292205
0.0279611
0.0705396
0.0497835
0.0592801
0.0706266
0.136697
0.0237864
0.0360588
0.122902
0.0450211
0.0152936
0.0637516
0.0119505
0.0709906
0.0341848
0.163261
0.0251933
0.114115
0.155638
0.0904625
0.0282833
0.0136938
0.115319
0.0200585
0.0981913
0.0102073
0.0709553
0.0821822
0.011097
0.00702516
0.023879
0.00119604
0.0120795
0.0170621
0.00878231
0.0105462
0.03401
0.0434234
0.0139011
0.00077204
0.0597231
0.085873
0.0731942
0.0529695
0.0375205
0.0354401
0.0378637
0.00226407
0.0947671
0.0350221
0.0613701
0.0658611
0.0491421
0.0268052
0.0178242
0.00621482
0.0804214
0.228812
0.100609
0.102388
0.0179574
0.0119205
0.00925164
0.0896519
0.00804556
0.0355728
0.0805549
0.0738854
0.189437
0.0123334
0.120509
0.113933
0.0749667
0.126008
0.0415428
0.126558
0.107581
0.0659154
0.102145
0.0600865
0.0375935
0.241917
0.0398253
0.152027
0.0473551
0.0166984
0.154311
0.0393418
0.0243511
0.00545916
0.11636
0.144541
0.110785
0.00322044
0.0109184
0.0450661
0.083676
0.111131
0.0123768
0.0101194
0.190302
0.0827509
0.0187943
0.0573232
0.00532653
0.009405
0.061302
0.146882
0.0133811
0.0682504
0.0120251
0.0398163
0.030369
0.0216258
0.129827
0.0754475
0.030761
0.0401399
0.135697
0.00408526
0.0519499
0.0783553
0.142668
0.0237538
0.0187149
0.109337
0.0488672
0.233277
0.0827733
0
0.0654085
0.0602292
0.0162864
0.0593756
0.0299857
0.00620522
0.0321075
0.0568017
0.735211
0.0326123
0.0728683
0.0243536
0.0178409
0.190993
0.11172
0.0125822
0.0038602
0.0178909
0.0485022
0.0843734
0.0453523
0.0256645
0.238511
0.00903653
0.03543
0.0596961
0.00490717
0.137818
0.121946
0.101129
0.0201208
0.0488879
0.00365396
0.0154062
0.0764569
0.0286769
0.042367
0.0950011
0.0215014
0.0418331
0.0464063
0.0294258
0.0343032
0.0532793
0.107217
0.291643
0.0116115
0.0763679
0.0624424
0.113742
0.0270641
0.0703618
0.0216754
0.34249
0.0440857
0.0127936
0.187749
0.188232
0.123267
0.240039
0.0115343
0.0639543
0.109378
0.00660536
0.00109183
0.0117137
0.088144
0.0130291
0.0261363
0.0656643
0.0198944
0.000345267
0.0133901
0.0104611
0.0409428
0.0347213
0.0449535
0.016017
0.103107
0.00869363
0.0129924
0.0368374
0.0246068
0.163256
0.0901968
0.117588
0.165167
0.0449668
0.0140546
0.0568132
0.0143027
0.0654441
0.0376965
0.0885237
0.0106922
0.0830647
0.00798607
0.0167198
0.0424949
0.0589259
0.0120992
0.00992909
0.08409
0.029436
0.000845728
0.0767824
0.0348566
0.0273359
0.0701214
0.0660709
0.0538958
0.0321372
0.0522041
0.0186575
0.0420237
0.0973541
0.033496
0.00432619
0.0553166
0.0754664
0.178106
0.0129832
0.0150658
0.0111453
0.111626
0.00830081
0.0698461
0.0418801
0.0260907
0.0968722
0.0416703
0.0594629
0.0897597
0.0737091
0.134518
0.0551211
0.0505655
0.136754
0.00494348
0.0945305
0.0299021
0.0360208
0.0407414
0.0996614
0.0389748
0.0971559
0.0126011
0.129147
0.00138107
0.018864
0.147558
0.143373
0.0548402
0.0107865
0.110573
0.00336525
0.052037
0.0117645
0.00800098
0.211131
0.0793128
0.0407897
0.093238
0.0722351
0.0041288
0.195307
0.00532653
0.00948074
0.0590947
0.0723424
0.093525
0.0590886
0.0183579
0.0114304
0.00314553
0.136465
0.172717
0.052876
0.157919
0.0807103
0.0256947
0.0397683
0.00497952
0.0524286
0.152023
0.0576024
0.0862668
0.00158221
0.0251886
0.123285
0.1088
0.00146484
0.122038
0.00788089
0.0823599
0.0773606
0.546829
0.067545
0.318017
0.0283234
0.0660348
0.0848945
0.00234172
0.0504226
0.101268
0.016043
0.0195712
0.0762842
0.0764436
0.0204995
0.00787332
0.156995
0.00604958
0.0266423
0.00477169
0.00888353
0.0655079
0.0356915
0.0873988
0.216713
0.0502223
0.053333
0.155267
0.00918699
0.0492246
0.0905297
0.0762138
0.102647
0.0149107
0.049964
0.088016
0.18125
0.167305
0.0408379
0.0215651
0.159097
0.0116576
0.0281672
0.00589993
0.15741
0.028735
0.110985
0.0197953
0.100084
0.0157657
0.0689323
0.040458
0.0696751
0.0503504
0.128317
0.0337443
0.0853467
0
0.126217
0.122123
0.0426895
0.0329433
0.0230663
0.00425674
0.0441991
0.378801
0.0181588
0.0115239
0.0104953
0.0593585
